1
2120

2
1313

3
5742

4
1869

5
3842

6
3760

7
8048

8
4733

9
8040

10
896

11
9499

12
2001

13
2958

14
7387

15
6760

16
6703

17
9818

18
1178

19
1403

20
7742

21
7808

22
9340

23
840

24
4228

25
3672

26
3563

27
8338

28
5669

29
9642

30
3682

31
7244

32
6959

33
8283

34
8550

35
7134

36
4004

37
947

38
3407

39
9661

40
4756

41
5041

42
5032

43
5868

44
1433

45
8070

46
1474

47
6959

48
8088

49
4480

50
8855

51
6835

52
5208

53
1470

54
6551

55
5250

56
5960

57
1638

58
4629

59
8203

60
4269

61
6213

62
226

63
5399

64
8276

65
9188

66
2911

67
6370

68
2479

69
9412

70
6905

71
7280

72
5825

73
9570

74
532

75
3754

76
9620

77
2247

78
4336

79
5610

80
1287

81
4673

82
8650

83
5825

84
5369

85
4109

86
1007

87
9544

88
7207

89
7784

90
6558

91
7962

92
9933

93
1935

94
8214

95
4558

96
9315

97
7656

98
5496

99
8845

100
9359

